0.000000000000000000e+00
6.979100005992222577e-03
1.434020000306190923e-02
2.103010000428184867e-02
2.829860000201733783e-02
3.497680000145919621e-02
4.358789999969303608e-02
5.026619999989634380e-02
6.182870000338880345e-02
6.850690000283066183e-02
7.640040000114822760e-02
8.307870000135153532e-02
9.738420000212499872e-02
1.043055000045569614e-01
1.115625000020372681e-01
1.182523000024957582e-01
1.256365000008372590e-01
1.323264000020571984e-01
1.398611000040546060e-01
1.465509000045130961e-01
1.627777000030619092e-01
1.696179999999003485e-01
1.768865000049117953e-01
1.835764000061317347e-01
1.908564000041224062e-01
1.975347000043257140e-01
2.055092000009608455e-01
2.121990000014193356e-01
2.253472000011242926e-01
2.323842000041622669e-01
2.396759000039310195e-01
2.463773000054061413e-01
2.549305000065942295e-01
