0.000000000000000000e+00 0.000000000000000000e+00
2.505706415358872619e-01 2.774706281211365422e-01
5.276324038661641680e-01 2.407770710617569421e-01
1.075002545042025304e+00 3.244624124683923583e-01
7.704107799841040105e-01 4.008426144974919225e-01
1.085649161143237507e+00 4.216512782724066710e-01
-7.085496872680027991e+01 -4.779146936612846730e+00
-7.073933595685730324e+01 -4.672452807525928620e+00
-7.054042991209576030e+01 -4.728095321188220623e+00
-7.054247131263355186e+01 -4.754226560036613591e+00
-7.544318483153665511e+01 3.610110728598999685e+01
-7.534555171529495965e+01 3.611733955466922907e+01
-3.040729774673241081e+01 -6.539184193516462074e+00
-2.999503100303877545e+01 -6.061666568587497750e+00
-2.986212449538629699e+01 -6.141570293169024808e+00
-2.966598175776425705e+01 -6.033449528023879793e+00
-2.832179986883875245e+01 -4.752430069824015391e+01
-2.755526826584241462e+01 -4.788520534054271138e+01
-6.141307491309339639e+01 -4.675119378524584590e+01
-6.118584769513745414e+01 -4.669187921934747010e+01
-4.629541491263194075e+01 1.782735625470638752e+01
-4.621206254298158456e+01 1.795363314875476135e+01
-4.609832297410730462e+01 1.787179847385993980e+01
-4.590432375116893127e+01 1.789830455050434921e+01
-4.568647255139171648e+01 1.787678319901783652e+01
-4.558116313642176465e+01 1.789488640495062555e+01
-7.762212761823730034e+01 -6.585285437356674265e+00
-7.729971592439301276e+01 -6.688729221505127498e+00
-6.538882469052782653e+01 1.430096936205188740e+01
-6.523416060357408242e+01 1.433870136670884676e+01
-9.251458657522084650e+01 -4.263755794430267088e+00
-9.271174317175291435e+01 -4.317939777656192746e+00
-9.212419953935318517e+01 -4.238637375870780488e+00
